01022500
01031500
01047000
01052500
01054200
01055000
01057000
01078000
01134500
01137500
01139000
01144000
01169000
01170100
01181000
01333000
01350000
01365000
01413500
01423000
01435000
01439500
01440000
01440400
01451800
01485500
01487000
01491000
01510000
01518862
01532000
01539000
01543000
01543500
01544500
01545600
01547700
01548500
01550000
01552000
01557500
01568000
01580000
01583500
01596500
01605500
01606500
01632000
01632900
01634500
01638480
01639500
01644000
01664000
01666500
01667500
01669520
02011400
02011460
02013000
02014000
02015700
02016000
02017500
02018000
02027000
02027500
02028500
02046000
02051000
02051500
02053200
02053800
02056900
02059500
02064000
02065500
02069700
02070000
02074500
02077200
02081500
02082950
02092500
02108000
02111180
02111500
02112120
02112360
02118500
02125000
02128000
02137727
02140991
02143000
02149000
02152100
02177000
02178400
02196000
02202600
02212600
02215100
02216180
02221525
02231000
02231342
02235200
02245500
02246000
02296500
02297310
02298123
02298608
02299950
02310947
02312200
02324400
02327100
02342933
02349900
02350900
02361000
02363000
02369800
02371500
02372250
02374500
02408540
02415000
02422500
02427250
02450250
02464000
02464360
02469800
02472000
02472500
02479155
02479300
02479560
02481000
02481510
03010655
03011800
03015500
03021350
03028000
03049000
03050000
03066000
03069500
03070500
03076600
03078000
03144000
03159540
03161000
03165000
03170000
03173000
03180500
03182500
03186500
03187500
03237500
03238500
03241500
03280700
03281100
03281500
03285000
03300400
03338780
03340800
03346000
03364500
03366500
03384450
03439000
03456500
03460000
03463300
03471500
03473000
03479000
03488000
03498500
03500000
03500240
03504000
03574500
03604000
04015330
04024430
04027000
04040500
04045500
04057510
04057800
04059500
04063700
04074950
04105700
04122200
04122500
04127918
04127997
04185000
04196800
04197100
04213000
04216418
04221000
04224775
04256000
04296000
05057200
05087500
05291000
05362000
05393500
05399500
05408000
05413500
05414000
05444000
05458000
05466500
05487980
05488200
05489000
05495000
05495500
05501000
05503800
05507600
05508805
05525500
05556500
05584500
05592050
05592575
05593575
05593900
05595730
06470800
06477500
06479215
06479438
06601000
06803510
06803530
06814000
06853800
06876700
06878000
06885500
06888500
06889200
06889500
06892000
06903400
06906800
06910800
06911900
06917000
06918460
06919500
06921070
06921200
07057500
07060710
07066000
07142300
07145700
07167500
07180500
07184000
07196900
07197000
07261000
07263295
07290650
07291000
07295000
07299670
07315200
07315700
07335700
07340300
07346045
07359610
07362100
07373000
07375000
07376000
08013000
08014500
08023080
08025500
08029500
08050800
08066200
08066300
08070000
08070200
08082700
08086212
08086290
08101000
08104900
08109700
08150800
08155200
08158700
08164300
08164600
08165300
08171300
08175000
08176900
08178880
08189500
08190000
08194200
08195000
08196000
08198500
08200000
08202700
